1
10
11
1
20
1
1
9
21
7
2
4
5
16
1
1
1
1
1
18
18
20
2
1
1
6
1
1
3
6
14
4
13
11
26
20
15
2
25
21
28
26
35
1
1
57
11
2
8
2
18
12
13
2
1
10
19
2
1
12
13
16
1
1497
2
10
17
15
1
24
13
13
8
12
1
1
1
11
2
3
2
17
9
20
15
22
9
6
20
25
3
1
2
3
3
21
17
19
20
15
16
10
9
1
1
1
1
3
1
3
2
11
9
21
16
8
14
1
12
20
7
11
1
1
10
4
17
11
12
10
12
18
11
7
11
21
1
1
1
6
11
6
9
5
7
13
15
1
12
16
21
12
11
7
12
7
21
22
25
8
14
6
19
1
1
13
20
10
1
28
6
13
12
7
6
22
7
14
14
15
20
13
14
11
16
9
16
20
18
12
12
1
19
15
12
11
10
10
12
11
