0,1
1,1
2,99
3,1
4,1
5,1
6,82
7,26
8,1
9,1
10,1
11,1
12,1
13,1
14,1
15,1
16,1
17,1
18,1
19,22
20,1
21,1
22,1
23,1
24,1
25,1
26,1
27,1
28,1
29,36
30,125
31,1
32,49
33,1
34,196
35,91
36,25
37,1
38,1
39,130
40,1
41,26
42,87
43,1
44,1
45,1
46,1
47,1
48,87
49,91
50,1
51,1
52,1
53,1
54,1
55,26
56,1
57,164
58,1
59,1
60,155
61,91
62,87
63,1
64,26
65,1
66,1
67,164
68,1
69,1
70,1
71,1
72,1
73,14
74,49
75,161
76,40
77,1
78,1
79,1
80,1
81,26
82,1
83,1
84,1
85,49
86,1
87,133
88,1
89,1
90,87
91,1
92,1
93,1
94,116
95,1
96,1
97,1
98,91
99,1
100,1
101,1
102,1
103,125
104,1
105,36
106,1
107,1
108,100
109,1
110,1
111,1
112,128
113,165
114,1
115,26
116,184
117,196
118,1
119,1
120,1
121,1
122,1
123,1
124,60
125,1
126,36
127,40
128,147
129,1
130,1
131,1
132,113
133,105
134,1
135,50
136,1
137,1
138,104
139,171
140,36
141,36
142,1
143,1
144,1
145,1
146,1
147,1
148,196
149,1
150,73
151,1
152,196
153,1
154,1
155,1
156,26
157,1
158,1
159,1
160,94
161,1
162,1
163,26
164,1
165,94
166,1
167,1
168,36
169,1
170,26
171,24
172,1
173,1
174,128
175,1
176,130
177,1
178,1
179,1
180,1
181,1
182,13
183,1
184,1
185,162
186,1
187,1
188,1
189,123
190,1
191,49
192,1
193,1
194,1
195,1
196,1
197,122
198,1
199,87
200,1
201,112
202,1
203,96
204,102
205,116
206,114
207,1
208,1
209,1
210,1
211,1
212,1
213,1
214,198
215,117
216,1
217,122
218,60
219,1
220,60
221,122
222,1
223,1
224,1
225,89
226,1
227,1
228,1
229,1
230,1
231,61
232,1
233,36
234,128
235,1
236,1
237,1
238,1
239,49
240,1
241,36
242,161
243,113
244,1
245,1
246,1
247,1
248,1
249,69
250,87
251,1
252,193
253,1
254,90
255,1
256,1
257,147
258,1
259,1
260,1
261,1
262,1
263,1
264,1
265,1
266,36
267,87
268,1
269,1
270,1
271,1
272,1
273,1
274,79
275,1
276,1
277,90
278,1
279,94
280,1
281,1
282,1
283,117
284,1
285,126
286,24
287,130
288,1
289,1
290,165
291,152
292,40
293,1
294,1
295,1
296,152
297,116
298,1
299,1
300,1
301,1
302,1
303,1
304,1
305,186
306,1
307,96
308,1
309,1
310,1
311,107
312,107
313,1
314,0
315,146
316,1
317,1
318,1
319,114
320,25
321,146
322,1
323,1
324,24
325,1
326,24
327,1
328,1
329,107
330,127
331,1
332,1
333,25
334,115
335,1
336,1
337,1
338,114
339,154
340,100
341,171
342,1
343,1
344,1
345,1
346,197
347,1
348,98
349,117
350,1
351,125
352,197
353,1
354,1
355,24
356,122
357,1
358,146
359,1
360,164
361,1
362,94
363,1
364,101
365,1
366,114
367,191
368,1
369,101
370,1
371,147
372,1
373,101
374,1
375,1
376,1
377,1
378,1
379,1
380,1
381,1
382,187
383,103
384,1
385,36
386,87
387,102
388,1
389,22
390,1
391,191
392,1
393,1
394,1
395,62
396,1
397,1
398,127
399,1
400,50
401,128
402,1
403,1
404,125
405,82
406,36
407,1
408,1
409,1
410,82
411,23
412,1
413,151
414,113
415,89
416,1
417,94
418,23
419,1
420,1
421,116
422,1
423,164
424,1
425,127
426,24
427,123
428,24
429,1
430,1
431,151
432,196
433,73
434,1
435,1
436,1
437,1
438,24
439,1
440,1
441,1
442,154
443,1
444,111
445,128
446,49
447,1
448,1
449,1
450,1
451,1
452,112
453,1
454,36
455,73
456,1
457,111
458,102
459,1
460,1
461,1
462,89
463,36
464,96
465,1
466,1
467,1
468,1
469,1
470,150
471,1
472,1
473,1
474,182
475,155
476,164
477,1
478,61
479,90
480,1
481,1
482,1
483,1
484,36
485,101
486,101
487,2
488,196
489,3
490,4
491,4
492,73
493,1
494,5
495,1
496,117
497,115
498,115
499,149
500,6
501,7
502,7
503,8
504,8
505,1
506,9
507,9
508,9
509,10
510,36
511,36
512,36
513,11
514,122
515,80
516,1
517,26
518,94
519,23
520,1
521,1
522,1
523,1
524,180
525,146
526,164
527,50
528,14
529,1
530,1
531,191
532,1
533,1
534,1
535,1
536,1
537,1
538,1
539,1
540,1
541,90
542,1
543,1
544,79
545,1
546,1
547,171
548,1
549,1
550,106
551,1
552,1
553,87
554,91
555,1
556,1
557,1
558,1
559,1
560,1
561,1
562,1
563,1
564,1
565,103
566,147
567,1
568,1
569,1
570,86
571,1
572,130
573,1
574,117
575,1
576,1
577,103
578,1
579,1
580,12
581,113
582,40
583,117
584,128
585,13
586,1
587,182
588,101
589,1
590,91
591,191
592,155
593,73
594,1
595,1
596,14
597,1
598,1
599,22
600,106
601,1
602,1
603,1
604,1
605,1
606,1
607,1
608,1
609,1
610,87
611,1
612,1
613,1
614,1
615,1
616,164
617,133
618,127
619,1
620,22
621,191
622,79
623,1
624,106
625,96
626,1
627,1
628,1
629,1
630,1
631,1
632,1
633,1
634,1
635,40
636,25
637,161
638,194
639,1
640,1
641,1
642,82
643,149
644,149
645,149
646,149
647,149
648,1
649,1
650,1
651,82
652,1
653,1
654,1
655,191
656,1
657,1
658,1
659,105
660,170
661,1
662,1
663,1
664,1
665,1
666,80
667,1
668,73
669,1
670,1
671,1
672,125
673,1
674,113
675,1
676,1
677,1
678,1
679,73
680,1
681,73
682,1
683,113
684,98
685,150
686,1
687,1
688,1
689,1
690,1
691,22
692,69
693,1
694,1
695,1
696,187
697,151
698,1
699,73
700,100
701,1
702,1
703,185
704,108
705,26
706,1
707,1
708,1
709,24
710,1
711,22
712,1
713,1
714,149
715,1
716,154
717,150
718,1
719,1
720,1
721,61
722,126
723,1
724,146
725,1
726,128
727,116
728,91
729,130
730,1
731,1
732,87
733,122
734,1
735,13
736,1
737,1
738,60
739,1
740,1
741,1
742,1
743,107
744,1
745,107
746,1
747,50
748,25
749,1
750,1
751,1
752,23
753,96
754,1
755,1
756,1
757,1
758,73
759,1
760,1
761,22
762,1
763,146
764,165
765,1
766,1
767,1
768,1
769,26
770,1
771,170
772,195
773,49
774,1
775,1
776,108
777,122
778,1
779,1
780,69
781,1
782,1
783,1
784,87
785,1
786,147
787,13
788,1
789,89
790,73
791,146
792,1
793,40
794,1
795,1
796,1
797,115
798,124
799,1
800,79
801,1
802,60
803,1
804,91
805,1
806,196
807,1
808,1
809,129
810,1
811,1
812,49
813,1
814,1
815,1
816,1
817,1
818,1
819,1
820,1
821,1
822,185
823,22
824,1
825,1
826,1
827,1
828,1
829,1
830,1
831,23
832,171
833,1
834,194
835,1
836,1
837,196
838,164
839,1
840,1
841,165
842,1
843,1
844,1
845,1
846,155
847,1
848,1
849,1
850,1
851,25
852,1
853,50
854,171
855,82
856,98
857,196
858,1
859,61
860,13
861,124
862,1
863,165
864,165
865,129
866,24
867,89
868,1
869,1
870,87
871,1
872,80
873,1
874,25
875,1
876,150
877,1
878,24
879,130
880,90
881,1
882,26
883,1
884,1
885,147
886,130
887,1
888,149
889,147
890,1
891,1
892,1
893,115
894,1
895,1
896,133
897,1
898,1
899,146
900,1
901,73
902,40
903,1
904,1
905,1
906,122
907,123
908,1
909,1
910,1
911,1
912,105
913,26
914,1
915,102
916,1
917,1
918,1
919,1
920,1
921,103
922,1
923,1
924,1
925,146
926,1
927,1
928,1
929,130
930,1
931,1
932,1
933,130
934,1
935,1
936,1
937,1
938,115
939,193
940,1
941,1
942,1
943,1
944,122
945,132
946,125
947,90
948,1
949,122
950,1
951,87
952,112
953,1
954,1
955,1
956,1
957,1
958,1
959,1
960,1
961,107
962,126
963,1
964,1
965,195
966,1
967,1
968,1
969,1
970,1
971,1
972,188
973,1
974,1
975,1
976,1
977,79
978,152
979,1
980,198
981,1
982,1
983,1
984,1
985,150
986,1
987,1
988,73
989,1
990,1
991,1
992,1
993,100
994,1
995,1
996,50
997,195
998,1
999,60
1000,1
1001,82
1002,1
1003,111
1004,185
1005,1
1006,1
1007,1
1008,1
1009,1
1010,1
1011,1
1012,1
1013,1
1014,1
1015,1
1016,123
1017,1
1018,1
1019,111
1020,187
1021,1
1022,191
1023,1
1024,50
1025,196
1026,1
1027,15
1028,128
1029,1
1030,1
1031,1
1032,115
1033,115
1034,1
1035,182
1036,182
1037,1
1038,107
1039,107
1040,164
1041,1
1042,150
1043,1
1044,196
1045,195
1046,1
1047,107
1048,1
1049,107
1050,1
1051,128
1052,191
1053,191
1054,1
1055,1
1056,1
1057,50
1058,50
1059,1
1060,1
1061,1
1062,1
1063,1
1064,1
1065,1
1066,1
1067,1
1068,1
1069,1
1070,1
1071,112
1072,112
1073,112
1074,1
1075,1
1076,1
1077,1
1078,1
1079,1
1080,16
1081,36
1082,36
1083,36
1084,36
1085,36
1086,36
1087,114
1088,164
1089,164
1090,164
1091,16
1092,16
1093,16
1094,16
1095,16
1096,16
1097,16
1098,16
1099,16
1100,16
1101,1
1102,1
1103,128
1104,1
1105,17
1106,16
1107,108
1108,16
1109,16
1110,16
1111,1
1112,152
1113,26
1114,26
1115,26
1116,26
1117,164
1118,24
1119,18
1120,18
1121,18
1122,18
1123,16
1124,16
1125,164
1126,164
1127,182
1128,164
1129,106
1130,106
1131,1
1132,14
1133,36
1134,1
1135,182
1136,125
1137,147
1138,127
1139,1
1140,1
1141,1
1142,1
1143,1
1144,1
1145,90
1146,1
1147,171
1148,1
1149,1
1150,1
1151,1
1152,1
1153,1
1154,171
1155,1
1156,1
1157,1
1158,1
1159,1
1160,14
1161,1
1162,1
1163,1
1164,14
1165,1
1166,1
1167,1
1168,1
1169,1
1170,108
1171,22
1172,1
1173,1
1174,187
1175,105
1176,1
1177,1
1178,94
1179,1
1180,133
1181,1
1182,126
1183,183
1184,1
1185,1
1186,1
1187,1
1188,187
1189,1
1190,1
1191,1
1192,152
1193,1
1194,1
1195,1
1196,1
1197,1
1198,171
1199,1
1200,1
1201,1
1202,1
1203,149
1204,122
1205,1
1206,73
1207,1
1208,101
1209,1
1210,79
1211,86
1212,1
1213,1
1214,103
1215,1
1216,1
1217,1
1218,1
1219,1
1220,1
1221,152
1222,1
1223,105
1224,165
1225,108
1226,1
1227,1
1228,1
1229,1
1230,1
1231,164
1232,1
1233,87
1234,1
1235,1
1236,116
1237,82
1238,107
1239,69
1240,1
1241,123
1242,49
1243,1
1244,96
1245,1
1246,1
1247,1
1248,1
1249,122
1250,115
1251,1
1252,1
1253,171
1254,151
1255,1
1256,1
1257,1
1258,196
1259,87
1260,87
1261,1
1262,1
1263,1
1264,1
1265,122
1266,1
1267,103
1268,1
1269,1
1270,1
1271,151
1272,1
1273,1
1274,147
1275,1
1276,1
1277,1
1278,1
1279,1
1280,1
1281,1
1282,1
1283,164
1284,1
1285,1
1286,117
1287,79
1288,24
1289,1
1290,1
1291,1
1292,101
1293,1
1294,1
1295,146
1296,1
1297,99
1298,1
1299,1
1300,1
1301,23
1302,1
1303,60
1304,1
1305,1
1306,1
1307,1
1308,1
1309,22
1310,130
1311,127
1312,1
1313,182
1314,1
1315,90
1316,125
1317,1
1318,23
1319,170
1320,196
1321,1
1322,100
1323,112
1324,132
1325,1
1326,1
1327,1
1328,1
1329,107
1330,1
1331,1
1332,1
1333,186
1334,112
1335,22
1336,1
1337,123
1338,1
1339,150
1340,1
1341,1
1342,1
1343,1
1344,103
1345,14
1346,1
1347,161
1348,150
1349,165
1350,1
1351,1
1352,187
1353,1
1354,152
1355,183
1356,1
1357,164
1358,91
1359,1
1360,1
1361,1
1362,23
1363,130
1364,1
1365,116
1366,1
1367,132
1368,23
1369,1
1370,147
1371,1
1372,147
1373,132
1374,1
1375,1
1376,191
1377,1
1378,50
1379,170
1380,98
1381,126
1382,103
1383,1
1384,154
1385,1
1386,127
1387,1
1388,1
1389,113
1390,69
1391,102
1392,112
1393,90
1394,146
1395,1
1396,1
1397,1
1398,1
1399,105
1400,152
1401,1
1402,1
1403,1
1404,25
1405,99
1406,1
1407,1
1408,1
1409,14
1410,73
1411,187
1412,1
1413,1
1414,1
1415,1
1416,1
1417,165
1418,1
1419,1
1420,40
1421,127
1422,154
1423,182
1424,1
1425,106
1426,1
1427,1
1428,1
1429,1
1430,1
1431,1
1432,1
1433,73
1434,49
1435,1
1436,1
1437,1
1438,1
1439,182
1440,1
1441,1
1442,1
1443,1
1444,1
1445,1
1446,1
1447,1
1448,1
1449,124
1450,1
1451,146
1452,1
1453,99
1454,1
1455,155
1456,117
1457,101
1458,1
1459,1
1460,1
1461,1
1462,128
1463,1
1464,1
1465,1
1466,1
1467,124
1468,60
1469,14
1470,1
1471,129
1472,69
1473,1
1474,122
1475,1
1476,94
1477,1
1478,1
1479,180
1480,102
1481,165
1482,1
1483,1
1484,128
1485,91
1486,199
1487,1
1488,1
1489,61
1490,101
1491,1
1492,1
1493,1
1494,89
1495,1
1496,115
1497,73
1498,1
1499,1
1500,193
1501,1
1502,1
1503,1
1504,1
1505,1
1506,1
1507,1
1508,124
1509,125
1510,1
1511,14
1512,101
1513,1
1514,1
1515,82
1516,96
1517,1
1518,100
1519,106
1520,1
1521,1
1522,1
1523,1
1524,1
1525,1
1526,1
1527,1
1528,1
1529,101
1530,122
1531,1
1532,1
1533,165
1534,1
1535,147
1536,114
1537,130
1538,1
1539,1
1540,184
1541,1
1542,1
1543,164
1544,1
1545,1
1546,1
1547,132
1548,1
1549,61
1550,1
1551,36
1552,1
1553,1
1554,1
1555,91
1556,1
1557,113
1558,146
1559,1
1560,126
1561,1
1562,49
1563,1
1564,130
1565,1
1566,1
1567,13
1568,186
1569,1
1570,1
1571,25
1572,191
1573,1
1574,1
1575,25
1576,130
1577,1
1578,1
1579,1
1580,171
1581,1
1582,89
1583,1
1584,1
1585,1
1586,1
1587,1
1588,86
1589,13
1590,1
1591,1
1592,1
1593,87
1594,1
1595,1
1596,1
1597,1
1598,1
1599,1
1600,1
1601,1
1602,1
1603,1
1604,1
1605,182
1606,1
1607,14
1608,1
1609,1
1610,1
1611,1
1612,113
1613,1
1614,50
1615,1
1616,1
1617,60
1618,98
1619,1
1620,1
1621,61
1622,1
1623,1
1624,185
1625,1
1626,104
1627,1
1628,192
1629,125
1630,115
1631,1
1632,1
1633,1
1634,122
1635,146
1636,1
1637,1
1638,191
1639,24
1640,187
1641,60
1642,1
1643,161
1644,1
1645,1
1646,1
1647,80
1648,112
1649,1
1650,123
1651,91
1652,1
1653,1
1654,1
1655,1
1656,183
1657,89
1658,1
1659,1
1660,1
1661,188
1662,1
1663,1
1664,1
1665,1
1666,1
1667,1
1668,19
1669,1
1670,183
1671,1
1672,191
1673,20
1674,1
1675,1
1676,1
1677,1
1678,86
1679,1
1680,1
1681,1
1682,22
1683,1
1684,14
1685,1
1686,1
1687,1
1688,1
1689,1
1690,1
1691,1
1692,1
1693,1
1694,1
1695,40
1696,1
1697,1
1698,1
1699,1
1700,1
1701,1
1702,1
1703,1
1704,60
1705,1
1706,129
1707,1
1708,1
1709,1
1710,1
1711,1
1712,1
1713,1
1714,1
1715,1
1716,1
1717,180
1718,1
1719,1
1720,171
1721,1
1722,1
1723,1
1724,1
1725,192
1726,152
1727,1
1728,1
1729,195
1730,14
1731,161
1732,1
1733,1
1734,1
1735,1
1736,100
1737,150
1738,36
1739,130
1740,1
1741,1
1742,1
1743,69
1744,116
1745,1
1746,1
1747,61
1748,1
1749,1
1750,1
1751,1
1752,1
1753,1
1754,50
1755,106
1756,131
1757,1
1758,91
1759,98
1760,1
1761,1
1762,1
1763,1
1764,1
1765,1
1766,23
1767,1
1768,1
1769,1
1770,105
1771,1
1772,1
1773,126
1774,1
1775,1
1776,1
1777,1
1778,132
1779,1
1780,196
1781,1
1782,1
1783,1
1784,1
1785,1
1786,15
1787,13
1788,1
1789,1
1790,1
1791,69
1792,1
1793,1
1794,1
1795,1
1796,1
1797,1
1798,1
1799,1
1800,87
1801,36
1802,36
1803,100
1804,1
1805,164
1806,126
1807,126
1808,126
1809,106
1810,1
1811,1
1812,1
1813,115
1814,1
1815,106
1816,101
1817,101
1818,101
1819,101
1820,87
1821,60
1822,197
1823,21
1824,1
1825,1
1826,36
1827,36
1828,79
1829,90
1830,73
1831,1
1832,1
1833,1
1834,103
1835,1
1836,1
1837,1
1838,191
1839,1
1840,1
1841,123
1842,1
1843,1
1844,1
1845,1
1846,1
1847,1
1848,94
1849,1
1850,1
1851,50
1852,191
1853,1
1854,1
1855,182
1856,1
1857,1
1858,165
1859,170
1860,1
1861,1
1862,191
1863,99
1864,102
1865,1
1866,1
1867,1
1868,1
1869,102
1870,185
1871,165
1872,1
1873,1
1874,49
1875,1
1876,1
1877,89
1878,113
1879,60
1880,111
1881,1
1882,99
1883,23
1884,117
1885,1
1886,1
1887,149
1888,1
1889,114
1890,112
1891,1
1892,1
1893,1
1894,1
1895,1
1896,1
1897,1
1898,183
1899,61
1900,1
1901,101
1902,1
1903,1
1904,187
1905,1
1906,50
1907,1
1908,36
1909,195
1910,23
1911,98
1912,99
1913,106
1914,117
1915,117
1916,114
1917,1
1918,1
1919,1
1920,1
1921,1
1922,1
1923,1
1924,1
1925,1
1926,149
1927,1
1928,149
1929,1
1930,1
1931,79
1932,1
1933,188
1934,1
1935,22
1936,1
1937,1
1938,124
1939,1
1940,1
1941,87
1942,1
1943,1
1944,60
1945,183
1946,1
1947,130
1948,1
1949,154
1950,23
1951,1
1952,13
1953,99
1954,80
1955,1
1956,152
1957,1
1958,1
1959,192
1960,192
1961,1
1962,1
1963,94
1964,1
1965,1
1966,1
1967,1
1968,1
1969,1
1970,1
1971,1
1972,1
1973,1
1974,1
1975,1
1976,1
1977,1
1978,155
1979,1
1980,1
1981,96
1982,1
1983,90
1984,114
1985,187
1986,1
1987,107
1988,14
1989,193
1990,1
1991,105
1992,1
1993,1
1994,1
1995,1
1996,1
1997,1
1998,1
1999,80
2000,1
2001,1
2002,1
2003,1
2004,191
2005,1
2006,1
2007,1
2008,127
2009,1
2010,1
2011,180
2012,1
2013,129
2014,1
2015,26
2016,1
2017,1
2018,14
2019,1
2020,61
2021,1
2022,1
2023,1
2024,25
2025,1
2026,1
2027,1
2028,1
2029,1
2030,115
2031,1
2032,24
2033,1
2034,1
2035,193
2036,1
2037,104
2038,105
2039,1
2040,1
2041,24
2042,1
2043,1
2044,1
2045,1
2046,123
2047,107
2048,1
2049,61
2050,1
2051,49
2052,1
2053,1
2054,1
2055,1
2056,25
2057,49
2058,40
2059,1
2060,26
2061,1
2062,1
2063,161
2064,1
2065,1
2066,1
2067,1
2068,164
2069,164
2070,1
2071,113
2072,12
2073,182
2074,1
2075,61
2076,90
2077,91
2078,91
2079,1
2080,91
2081,1
2082,188
2083,188
2084,188
2085,103
2086,114
2087,1
2088,27
2089,81
2090,28
2091,113
2092,29
2093,30
2094,31
2095,1
2096,32
2097,36
2098,1
2099,147
2100,106
2101,1
2102,194
2103,90
2104,1
2105,1
2106,124
2107,122
2108,1
2109,1
2110,1
2111,122
2112,1
2113,1
2114,60
2115,165
2116,103
2117,1
2118,1
2119,87
2120,180
2121,1
2122,1
2123,1
2124,1
2125,1
2126,14
2127,1
2128,1
2129,1
2130,1
2131,1
2132,1
2133,1
2134,1
2135,1
2136,123
2137,1
2138,60
2139,1
2140,91
2141,1
2142,191
2143,1
2144,1
2145,1
2146,1
2147,116
2148,108
2149,1
2150,1
2151,1
2152,1
2153,1
2154,1
2155,103
2156,106
2157,1
2158,1
2159,187
2160,115
2161,33
2162,112
2163,1
2164,1
2165,1
2166,1
2167,152
2168,98
2169,34
2170,1
2171,194
2172,1
2173,13
2174,1
2175,1
2176,1
2177,1
2178,1
2179,1
2180,99
2181,1
2182,100
2183,182
2184,124
2185,1
2186,24
2187,14
2188,1
2189,1
2190,132
2191,161
2192,115
2193,100
2194,40
2195,152
2196,126
2197,152
2198,113
2199,113
2200,1
2201,1
2202,171
2203,40
2204,1
2205,1
2206,1
2207,1
2208,192
2209,1
2210,82
2211,106
2212,1
2213,35
2214,35
2215,1
2216,36
2217,1
2218,131
2219,1
2220,1
2221,1
2222,1
2223,1
2224,1
2225,13
2226,1
2227,1
2228,1
2229,69
2230,1
2231,1
2232,186
2233,100
2234,49
2235,1
2236,1
2237,191
2238,112
2239,96
2240,1
2241,1
2242,1
2243,1
2244,1
2245,25
2246,103
2247,152
2248,180
2249,152
2250,1
2251,1
2252,162
2253,1
2254,1
2255,1
2256,1
2257,113
2258,1
2259,130
2260,163
2261,1
2262,1
2263,1
2264,79
2265,1
2266,1
2267,1
2268,1
2269,1
2270,103
2271,1
2272,62
2273,125
2274,125
2275,1
2276,186
2277,152
2278,37
2279,37
2280,37
2281,38
2282,38
2283,38
2284,165
2285,37
2286,1
2287,39
2288,61
2289,171
2290,40
2291,1
2292,1
2293,1
2294,1
2295,1
2296,82
2297,146
2298,1
2299,150
2300,1
2301,79
2302,115
2303,61
2304,1
2305,1
2306,1
2307,1
2308,1
2309,165
2310,1
2311,132
2312,1
2313,1
2314,146
2315,1
2316,50
2317,1
2318,1
2319,50
2320,195
2321,1
2322,161
2323,1
2324,99
2325,1
2326,1
2327,90
2328,23
2329,23
2330,1
2331,1
2332,1
2333,87
2334,171
2335,171
2336,171
2337,26
2338,36
2339,1
2340,89
2341,130
2342,164
2343,106
2344,87
2345,41
2346,128
2347,42
2348,23
2349,126
2350,90
2351,106
2352,149
2353,170
2354,170
2355,149
2356,43
2357,126
2358,106
2359,1
2360,44
2361,125
2362,106
2363,13
2364,89
2365,125
2366,82
2367,106
2368,36
2369,1
2370,122
2371,1
2372,1
2373,165
2374,1
2375,91
2376,1
2377,122
2378,1
2379,193
2380,1
2381,1
2382,1
2383,1
2384,1
2385,195
2386,1
2387,1
2388,188
2389,161
2390,1
2391,105
2392,1
2393,1
2394,1
2395,187
2396,180
2397,180
2398,1
2399,1
2400,1
2401,1
2402,1
2403,191
2404,1
2405,1
2406,191
2407,87
2408,199
2409,132
2410,1
2411,1
2412,1
2413,1
2414,1
2415,154
2416,1
2417,1
2418,1
2419,1
2420,1
2421,1
2422,1
2423,1
2424,1
2425,1
2426,1
2427,1
2428,91
2429,61
2430,114
2431,1
2432,1
2433,1
2434,1
2435,1
2436,1
2437,1
2438,1
2439,1
2440,87
2441,87
2442,45
2443,1
2444,1
2445,192
2446,1
2447,1
2448,1
2449,1
2450,1
2451,1
2452,1
2453,1
2454,1
2455,123
2456,1
2457,111
2458,1
2459,1
2460,1
2461,1
2462,1
2463,182
2464,182
2465,46
2466,47
2467,1
2468,1
2469,89
2470,1
2471,1
2472,1
2473,1
2474,197
2475,111
2476,187
2477,105
2478,1
2479,24
2480,1
2481,1
2482,1
2483,1
2484,1
2485,1
2486,161
2487,1
2488,128
2489,107
2490,1
2491,1
2492,1
2493,1
2494,73
2495,127
2496,101
2497,171
2498,101
2499,102
2500,102
2501,102
2502,102
2503,48
2504,132
2505,1
2506,1
2507,1
2508,154
2509,1
2510,1
2511,1
2512,1
2513,102
2514,1
2515,36
2516,106
2517,1
2518,96
2519,1
2520,113
2521,24
2522,102
2523,1
2524,1
2525,1
2526,100
2527,1
2528,1
2529,100
2530,1
2531,1
2532,1
2533,1
2534,1
2535,1
2536,1
2537,1
2538,49
2539,125
2540,90
2541,90
2542,1
2543,1
2544,1
2545,1
2546,1
2547,61
2548,1
2549,1
2550,1
2551,1
2552,50
2553,126
2554,1
2555,1
2556,1
2557,1
2558,1
2559,1
2560,1
2561,96
2562,90
2563,1
2564,1
2565,1
2566,1
2567,1
2568,1
2569,1
2570,1
2571,1
2572,1
2573,1
2574,51
2575,1
2576,104
2577,104
2578,1
2579,24
2580,1
2581,1
2582,1
2583,1
2584,40
2585,1
2586,69
2587,52
2588,115
2589,1
2590,1
2591,1
2592,107
2593,107
2594,107
2595,107
2596,53
2597,54
2598,54
2599,55
2600,56
2601,1
2602,90
2603,150
2604,150
2605,150
2606,150
2607,150
2608,107
2609,107
2610,103
2611,103
2612,103
2613,103
2614,1
2615,1
2616,1
2617,107
2618,1
2619,57
2620,107
2621,107
2622,107
2623,107
2624,107
2625,58
2626,58
2627,59
2628,59
2629,1
2630,59
2631,59
2632,59
2633,1
2634,1
2635,93
2636,1
2637,99
2638,151
2639,115
2640,165
2641,191
2642,1
2643,90
2644,1
2645,1
2646,114
2647,191
2648,1
2649,1
2650,165
2651,99
2652,1
2653,125
2654,1
2655,183
2656,1
2657,1
2658,1
2659,1
2660,1
2661,1
2662,195
2663,1
2664,1
2665,1
2666,1
2667,24
2668,60
2669,1
2670,112
2671,101
2672,94
2673,1
2674,1
2675,1
2676,1
2677,49
2678,123
2679,147
2680,199
2681,103
2682,1
2683,87
2684,91
2685,1
2686,152
2687,61
2688,1
2689,90
2690,195
2691,1
2692,162
2693,1
2694,107
2695,100
2696,1
2697,62
2698,1
2699,1
2700,196
2701,1
2702,1
2703,1
2704,69
2705,186
2706,1
2707,1
2708,1
2709,1
2710,1
2711,117
2712,1
2713,129
2714,73
2715,1
2716,23
2717,1
2718,91
2719,73
2720,1
2721,1
2722,1
2723,91
2724,1
2725,1
2726,1
2727,151
2728,1
2729,1
2730,193
2731,1
2732,1
2733,1
2734,12
2735,170
2736,104
2737,1
2738,1
2739,1
2740,161
2741,87
2742,63
2743,1
2744,1
2745,1
2746,1
2747,64
2748,64
2749,1
2750,1
2751,1
2752,98
2753,65
2754,65
2755,65
2756,66
2757,67
2758,68
2759,68
2760,68
2761,184
2762,1
2763,184
2764,122
2765,184
2766,122
2767,1
2768,1
2769,1
2770,115
2771,132
2772,133
2773,1
2774,104
2775,1
2776,1
2777,1
2778,90
2779,1
2780,1
2781,123
2782,1
2783,1
2784,111
2785,1
2786,163
2787,1
2788,1
2789,1
2790,1
2791,105
2792,1
2793,1
2794,1
2795,1
2796,1
2797,164
2798,1
2799,61
2800,1
2801,1
2802,1
2803,1
2804,123
2805,1
2806,1
2807,1
2808,101
2809,1
2810,1
2811,162
2812,1
2813,1
2814,196
2815,1
2816,1
2817,1
2818,1
2819,79
2820,1
2821,1
2822,1
2823,1
2824,1
2825,1
2826,161
2827,102
2828,133
2829,50
2830,1
2831,25
2832,184
2833,113
2834,146
2835,14
2836,82
2837,1
2838,1
2839,1
2840,1
2841,1
2842,191
2843,1
2844,1
2845,1
2846,171
2847,1
2848,1
2849,1
2850,1
2851,1
2852,187
2853,1
2854,107
2855,1
2856,1
2857,89
2858,1
2859,1
2860,1
2861,185
2862,1
2863,69
2864,1
2865,1
2866,1
2867,1
2868,49
2869,102
2870,147
2871,1
2872,1
2873,1
2874,1
2875,1
2876,1
2877,1
2878,117
2879,1
2880,1
2881,1
2882,70
2883,36
2884,132
2885,49
2886,111
2887,1
2888,182
2889,100
2890,179
2891,71
2892,13
2893,23
2894,100
2895,1
2896,170
2897,101
2898,1
2899,1
2900,14
2901,1
2902,1
2903,1
2904,1
2905,193
2906,1
2907,72
2908,13
2909,114
2910,23
2911,1
2912,1
2913,1
2914,1
2915,90
2916,1
2917,1
2918,191
2919,191
2920,1
2921,191
2922,165
2923,194
2924,191
2925,1
2926,1
2927,96
2928,1
2929,171
2930,1
2931,1
2932,1
2933,107
2934,1
2935,1
2936,1
2937,1
2938,1
2939,164
2940,98
2941,164
2942,1
2943,1
2944,89
2945,1
2946,1
2947,1
2948,1
2949,1
2950,165
2951,1
2952,1
2953,1
2954,1
2955,90
2956,60
2957,1
2958,1
2959,1
2960,1
2961,1
2962,1
2963,1
2964,1
2965,1
2966,73
2967,1
2968,1
2969,1
2970,1
2971,1
2972,133
2973,1
2974,1
2975,1
2976,1
2977,1
2978,74
2979,1
2980,1
2981,113
2982,130
2983,1
2984,1
2985,1
2986,107
2987,1
2988,186
2989,1
2990,165
2991,1
2992,1
2993,1
2994,108
2995,1
2996,1
2997,1
2998,1
2999,151
3000,1
3001,1
3002,1
3003,1
3004,73
3005,127
3006,1
3007,1
3008,1
3009,80
3010,127
3011,1
3012,1
3013,1
3014,1
3015,1
3016,185
3017,102
3018,1
3019,152
3020,107
3021,1
3022,115
3023,75
3024,75
3025,75
3026,75
3027,75
3028,75
3029,50
3030,1
3031,60
3032,1
3033,60
3034,125
3035,1
3036,198
3037,1
3038,14
3039,13
3040,1
3041,1
3042,1
3043,1
3044,128
3045,191
3046,133
3047,1
3048,1
3049,1
3050,131
3051,1
3052,1
3053,1
3054,1
3055,1
3056,76
3057,115
3058,78
3059,77
3060,90
3061,61
3062,78
3063,125
3064,1
3065,1
3066,78
3067,146
3068,164
3069,79
3070,1
3071,1
3072,162
3073,1
3074,1
3075,1
3076,1
3077,36
3078,108
3079,1
3080,49
3081,1
3082,1
3083,1
3084,26
3085,1
3086,1
3087,26
3088,1
3089,124
3090,1
3091,1
3092,1
3093,1
3094,1
3095,188
3096,133
3097,165
3098,191
3099,1
3100,122
3101,199
3102,101
3103,96
3104,103
3105,152
3106,73
3107,1
3108,1
3109,1
3110,61
3111,1
3112,1
3113,1
3114,165
3115,1
3116,104
3117,133
3118,154
3119,1
3120,1
3121,1
3122,1
3123,183
3124,1
3125,1
3126,193
3127,126
3128,1
3129,1
3130,1
3131,1
3132,192
3133,107
3134,192
3135,36
3136,107
3137,91
3138,1
3139,1
3140,1
3141,1
3142,1
3143,1
3144,1
3145,1
3146,1
3147,162
3148,1
3149,1
3150,1
3151,1
3152,1
3153,1
3154,1
3155,1
3156,1
3157,1
3158,1
3159,1
3160,1
3161,146
3162,80
3163,1
3164,1
3165,99
3166,1
3167,1
3168,1
3169,1
3170,12
3171,1
3172,1
3173,1
3174,1
3175,1
3176,1
3177,36
3178,23
3179,26
3180,126
3181,81
3182,82
3183,94
3184,161
3185,49
3186,49
3187,1
3188,1
3189,1
3190,1
3191,1
3192,24
3193,83
3194,1
3195,170
3196,1
3197,152
3198,1
3199,108
3200,1
3201,154
3202,1
3203,98
3204,36
3205,36
3206,151
3207,1
3208,96
3209,96
3210,36
3211,36
3212,149
3213,96
3214,96
3215,84
3216,84
3217,84
3218,1
3219,96
3220,100
3221,1
3222,1
3223,1
3224,86
3225,1
3226,155
3227,1
3228,1
3229,1
3230,1
3231,1
3232,101
3233,1
3234,62
3235,1
3236,1
3237,1
3238,26
3239,1
3240,1
3241,1
3242,133
3243,1
3244,1
3245,1
3246,1
3247,1
3248,1
3249,1
3250,113
3251,1
3252,1
3253,1
3254,1
3255,1
3256,1
3257,1
3258,104
3259,1
3260,1
3261,1
3262,1
3263,1
3264,1
3265,1
3266,1
3267,1
3268,1
3269,191
3270,36
3271,36
3272,1
3273,114
3274,1
3275,1
3276,1
3277,1
3278,1
3279,1
3280,170
3281,155
3282,80
3283,85
3284,126
3285,1
3286,1
3287,1
3288,86
3289,1
3290,1
3291,1
3292,155
3293,1
3294,1
3295,1
3296,1
3297,1
3298,1
3299,1
3300,146
3301,111
3302,107
3303,194
3304,1
3305,1
3306,1
3307,50
3308,1
3309,1
3310,123
3311,111
3312,1
3313,1
3314,1
3315,1
3316,1
3317,1
3318,155
3319,1
3320,1
3321,1
3322,195
3323,152
3324,1
3325,1
3326,87
3327,164
3328,88
3329,89
3330,89
3331,1
3332,1
3333,90
3334,1
3335,1
3336,96
3337,1
3338,151
3339,126
3340,1
3341,1
3342,1
3343,151
3344,107
3345,1
3346,1
3347,165
3348,1
3349,130
3350,1
3351,1
3352,188
3353,1
3354,102
3355,91
3356,152
3357,1
3358,197
3359,1
3360,103
3361,1
3362,1
3363,1
3364,1
3365,1
3366,1
3367,1
3368,123
3369,112
3370,1
3371,1
3372,133
3373,1
3374,1
3375,73
3376,106
3377,1
3378,1
3379,1
3380,147
3381,36
3382,36
3383,36
3384,1
3385,1
3386,1
3387,1
3388,1
3389,129
3390,1
3391,92
3392,92
3393,1
3394,123
3395,123
3396,36
3397,1
3398,150
3399,26
3400,26
3401,36
3402,36
3403,26
3404,26
3405,1
3406,1
3407,26
3408,26
3409,26
3410,26
3411,133
3412,26
3413,26
3414,1
3415,93
3416,1
3417,1
3418,152
3419,1
3420,13
3421,152
3422,1
3423,90
3424,111
3425,1
3426,1
3427,1
3428,1
3429,1
3430,1
3431,111
3432,1
3433,1
3434,1
3435,1
3436,1
3437,101
3438,187
3439,1
3440,154
3441,123
3442,73
3443,1
3444,1
3445,1
3446,1
3447,126
3448,1
3449,1
3450,1
3451,1
3452,14
3453,1
3454,113
3455,1
3456,90
3457,73
3458,1
3459,1
3460,1
3461,194
3462,1
3463,131
3464,199
3465,192
3466,1
3467,151
3468,1
3469,116
3470,1
3471,14
3472,1
3473,22
3474,1
3475,1
3476,13
3477,149
3478,1
3479,1
3480,1
3481,1
3482,26
3483,94
3484,1
3485,1
3486,1
3487,1
3488,1
3489,107
3490,101
3491,1
3492,1
3493,1
3494,1
3495,1
3496,106
3497,1
3498,1
3499,1
3500,1
3501,1
3502,25
3503,1
3504,1
3505,1
3506,73
3507,1
3508,1
3509,124
3510,1
3511,98
3512,186
3513,1
3514,113
3515,1
3516,1
3517,111
3518,1
3519,36
3520,36
3521,36
3522,95
3523,95
3524,95
3525,1
3526,36
3527,25
3528,95
3529,93
3530,93
3531,93
3532,1
3533,86
3534,1
3535,1
3536,105
3537,50
3538,1
3539,49
3540,185
3541,1
3542,1
3543,1
3544,1
3545,1
3546,61
3547,154
3548,1
3549,1
3550,1
3551,1
3552,1
3553,1
3554,1
3555,1
3556,1
3557,1
3558,146
3559,1
3560,1
3561,96
3562,124
3563,1
3564,1
3565,1
3566,1
3567,36
3568,1
3569,82
3570,82
3571,146
3572,1
3573,97
3574,1
3575,1
3576,100
3577,111
3578,1
3579,1
3580,1
3581,98
3582,1
3583,1
3584,60
3585,192
3586,1
3587,199
3588,26
3589,36
3590,1
3591,191
3592,191
3593,1
3594,90
3595,182
3596,1
3597,1
3598,99
3599,1
3600,100
3601,36
3602,1
3603,1
3604,1
3605,147
3606,1
3607,1
3608,1
3609,1
3610,1
3611,1
3612,193
3613,24
3614,147
3615,1
3616,101
3617,102
3618,103
3619,1
3620,1
3621,1
3622,13
3623,1
3624,104
3625,130
3626,1
3627,1
3628,1
3629,107
3630,1
3631,152
3632,164
3633,1
3634,1
3635,195
3636,1
3637,1
3638,1
3639,1
3640,1
3641,1
3642,1
3643,187
3644,1
3645,1
3646,14
3647,194
3648,1
3649,1
3650,194
3651,1
3652,105
3653,131
3654,1
3655,181
3656,1
3657,106
3658,1
3659,1
3660,1
3661,1
3662,1
3663,1
3664,162
3665,1
3666,107
3667,1
3668,98
3669,73
3670,1
3671,194
3672,1
3673,1
3674,132
3675,24
3676,108
3677,25
3678,1
3679,1
3680,1
3681,1
3682,36
3683,36
3684,1
3685,109
3686,36
3687,36
3688,1
3689,1
3690,110
3691,101
3692,151
3693,1
3694,1
3695,1
3696,50
3697,1
3698,1
3699,1
3700,1
3701,193
3702,132
3703,1
3704,111
3705,1
3706,1
3707,112
3708,1
3709,1
3710,197
3711,49
3712,1
3713,1
3714,1
3715,113
3716,79
3717,1
3718,1
3719,165
3720,196
3721,1
3722,165
3723,1
3724,1
3725,1
3726,1
3727,61
3728,82
3729,151
3730,1
3731,1
3732,1
3733,1
3734,1
3735,1
3736,186
3737,1
3738,151
3739,102
3740,125
3741,146
3742,112
3743,60
3744,1
3745,1
3746,1
3747,1
3748,1
3749,1
3750,1
3751,1
3752,1
3753,107
3754,1
3755,1
3756,1
3757,1
3758,114
3759,161
3760,1
3761,193
3762,1
3763,130
3764,1
3765,1
3766,1
3767,133
3768,1
3769,115
3770,1
3771,115
3772,116
3773,1
3774,1
3775,1
3776,1
3777,1
3778,1
3779,1
3780,1
3781,1
3782,1
3783,1
3784,117
3785,1
3786,124
3787,1
3788,1
3789,1
3790,123
3791,1
3792,126
3793,133
3794,1
3795,1
3796,1
3797,170
3798,1
3799,1
3800,1
3801,124
3802,1
3803,1
3804,1
3805,1
3806,1
3807,1
3808,1
3809,118
3810,118
3811,118
3812,118
3813,118
3814,118
3815,118
3816,118
3817,118
3818,118
3819,118
3820,87
3821,1
3822,90
3823,90
3824,115
3825,119
3826,119
3827,119
3828,120
3829,120
3830,120
3831,120
3832,120
3833,120
3834,121
3835,121
3836,121
3837,121
3838,93
3839,115
3840,123
3841,122
3842,117
3843,1
3844,1
3845,123
3846,1
3847,1
3848,124
3849,1
3850,1
3851,1
3852,24
3853,163
3854,1
3855,1
3856,125
3857,1
3858,1
3859,1
3860,154
3861,101
3862,1
3863,1
3864,1
3865,1
3866,1
3867,126
3868,1
3869,1
3870,165
3871,1
3872,36
3873,1
3874,170
3875,152
3876,165
3877,1
3878,1
3879,1
3880,1
3881,1
3882,131
3883,127
3884,1
3885,1
3886,152
3887,1
3888,117
3889,181
3890,61
3891,26
3892,195
3893,13
3894,1
3895,1
3896,171
3897,123
3898,1
3899,1
3900,1
3901,186
3902,187
3903,1
3904,1
3905,1
3906,1
3907,1
3908,1
3909,1
3910,152
3911,1
3912,1
3913,1
3914,99
3915,1
3916,1
3917,1
3918,1
3919,116
3920,1
3921,1
3922,1
3923,14
3924,125
3925,1
3926,1
3927,1
3928,1
3929,86
3930,1
3931,100
3932,1
3933,195
3934,1
3935,1
3936,1
3937,131
3938,117
3939,1
3940,1
3941,1
3942,1
3943,1
3944,1
3945,1
3946,26
3947,1
3948,1
3949,128
3950,1
3951,163
3952,1
3953,1
3954,191
3955,1
3956,129
3957,129
3958,1
3959,1
3960,103
3961,1
3962,1
3963,130
3964,1
3965,1
3966,131
3967,1
3968,1
3969,1
3970,113
3971,1
3972,1
3973,87
3974,1
3975,132
3976,1
3977,101
3978,1
3979,133
3980,1
3981,1
3982,1
3983,96
3984,96
3985,60
3986,164
3987,134
3988,135
3989,136
3990,13
3991,1
3992,108
3993,137
3994,138
3995,1
3996,139
3997,139
3998,87
3999,87
4000,1
4001,24
4002,1
4003,1
4004,140
4005,1
4006,146
4007,141
4008,141
4009,142
4010,143
4011,61
4012,1
4013,111
4014,73
4015,1
4016,1
4017,115
4018,149
4019,103
4020,149
4021,128
4022,144
4023,92
4024,128
4025,87
4026,108
4027,1
4028,1
4029,122
4030,145
4031,146
4032,146
4033,113
4034,1
4035,91
4036,91
4037,104
4038,1
4039,106
4040,1
4041,1
4042,98
4043,23
4044,61
4045,164
4046,101
4047,101
4048,101
4049,101
4050,101
4051,101
4052,101
4053,101
4054,1
4055,147
4056,128
4057,1
4058,1
4059,1
4060,101
4061,61
4062,89
4063,89
4064,96
4065,96
4066,128
4067,148
4068,1
4069,61
4070,196
4071,1
4072,164
4073,1
4074,149
4075,149
4076,1
4077,1
4078,1
4079,128
4080,1
4081,1
4082,12
4083,1
4084,1
4085,150
4086,106
4087,1
4088,128
4089,1
4090,180
4091,1
4092,13
4093,116
4094,199
4095,151
4096,152
4097,1
4098,99
4099,153
4100,1
4101,1
4102,154
4103,180
4104,1
4105,1
4106,198
4107,155
4108,1
4109,1
4110,1
4111,90
4112,150
4113,1
4114,125
4115,1
4116,156
4117,156
4118,117
4119,117
4120,117
4121,1
4122,89
4123,157
4124,1
4125,1
4126,87
4127,87
4128,87
4129,89
4130,1
4131,157
4132,87
4133,1
4134,165
4135,147
4136,158
4137,157
4138,157
4139,36
4140,36
4141,36
4142,193
4143,193
4144,193
4145,87
4146,161
4147,1
4148,1
4149,1
4150,165
4151,1
4152,1
4153,1
4154,1
4155,36
4156,100
4157,1
4158,1
4159,102
4160,100
4161,159
4162,159
4163,159
4164,160
4165,160
4166,90
4167,90
4168,99
4169,1
4170,161
4171,90
4172,90
4173,1
4174,87
4175,147
4176,127
4177,87
4178,171
4179,87
4180,87
4181,50
4182,50
4183,50
4184,170
4185,162
4186,123
4187,170
4188,1
4189,1
4190,1
4191,1
4192,87
4193,170
4194,1
4195,26
4196,163
4197,150
4198,1
4199,164
4200,26
4201,1
4202,165
4203,1
4204,1
4205,1
4206,128
4207,1
4208,128
4209,128
4210,128
4211,128
4212,1
4213,1
4214,166
4215,117
4216,165
4217,167
4218,147
4219,147
4220,123
4221,168
4222,169
4223,1
4224,1
4225,170
4226,182
4227,1
4228,194
4229,1
4230,127
4231,127
4232,1
4233,132
4234,49
4235,1
4236,1
4237,1
4238,196
4239,171
4240,40
4241,1
4242,100
4243,1
4244,1
4245,1
4246,101
4247,172
4248,1
4249,172
4250,172
4251,173
4252,89
4253,89
4254,174
4255,89
4256,161
4257,175
4258,176
4259,90
4260,90
4261,177
4262,177
4263,36
4264,36
4265,61
4266,1
4267,1
4268,26
4269,1
4270,165
4271,1
4272,60
4273,62
4274,1
4275,98
4276,1
4277,1
4278,1
4279,50
4280,123
4281,1
4282,1
4283,13
4284,193
4285,187
4286,114
4287,1
4288,132
4289,1
4290,99
4291,1
4292,1
4293,188
4294,1
4295,1
4296,1
4297,178
4298,178
4299,178
4300,178
4301,179
4302,195
4303,154
4304,195
4305,1
4306,180
4307,1
4308,1
4309,123
4310,1
4311,181
4312,123
4313,1
4314,182
4315,1
4316,1
4317,1
4318,1
4319,183
4320,1
4321,1
4322,184
4323,185
4324,1
4325,1
4326,1
4327,186
4328,128
4329,1
4330,1
4331,187
4332,181
4333,1
4334,1
4335,80
4336,1
4337,1
4338,170
4339,87
4340,90
4341,1
4342,113
4343,199
4344,1
4345,1
4346,1
4347,60
4348,1
4349,165
4350,1
4351,1
4352,49
4353,1
4354,164
4355,102
4356,1
4357,1
4358,1
4359,1
4360,1
4361,188
4362,1
4363,1
4364,1
4365,103
4366,1
4367,1
4368,1
4369,1
4370,1
4371,80
4372,1
4373,1
4374,189
4375,1
4376,1
4377,198
4378,1
4379,1
4380,162
4381,1
4382,1
4383,127
4384,14
4385,105
4386,86
4387,1
4388,190
4389,1
4390,1
4391,1
4392,1
4393,1
4394,1
4395,73
4396,1
4397,1
4398,1
4399,1
4400,1
4401,1
4402,1
4403,1
4404,50
4405,1
4406,49
4407,13
4408,1
4409,186
4410,191
4411,198
4412,161
4413,1
4414,1
4415,132
4416,1
4417,1
4418,1
4419,1
4420,164
4421,1
4422,1
4423,146
4424,116
4425,1
4426,1
4427,1
4428,1
4429,1
4430,1
4431,91
4432,1
4433,40
4434,1
4435,1
4436,1
4437,1
4438,1
4439,1
4440,1
4441,1
4442,1
4443,1
4444,1
4445,1
4446,1
4447,1
4448,1
4449,113
4450,192
4451,49
4452,164
4453,1
4454,1
4455,1
4456,186
4457,1
4458,1
4459,1
4460,1
4461,1
4462,1
4463,1
4464,1
4465,1
4466,1
4467,1
4468,114
4469,152
4470,1
4471,149
4472,152
4473,1
4474,23
4475,1
4476,101
4477,1
4478,1
4479,1
4480,1
4481,1
4482,1
4483,1
4484,193
4485,1
4486,105
4487,23
4488,133
4489,194
4490,1
4491,1
4492,195
4493,1
4494,1
4495,196
4496,1
4497,1
4498,1
4499,1
4500,13
4501,1
4502,114
4503,1
4504,1
4505,1
4506,101
4507,107
4508,1
4509,197
4510,1
4511,1
4512,183
4513,1
4514,1
4515,184
4516,198
4517,1
4518,131
4519,15
4520,22
4521,1
4522,1
4523,199
4524,1
